1 -10 5 100 HS25
2 -5 5 100 HS25
3 -2 5 100 HS25
4 0 5 100 HS25
5 2 5 100 HS25
6 5 5 100 HS25
7 10 5 100 HS25
8 -10 5 100 HS25
9 -5 5 100 HS25
10 -2 5 100 HS25
11 0 5 100 HS25
12 2 5 100 HS25
13 5 5 100 HS25
14 10 5 100 HS25
15 -10 5 100 HS25
16 -5 5 100 HS25
17 -2 5 100 HS25
18 0 5 100 HS25
19 2 5 100 HS25
20 5 5 100 HS25
21 10 5 100 HS25
22 -10 10 100 HS25
23 -5 10 100 HS25
24 -2 10 100 HS25
25 0 10 100 HS25
26 2 10 100 HS25
27 5 10 100 HS25
28 10 10 100 HS25
29 -10 10 100 HS25
30 -5 10 100 HS25
31 -2 10 100 HS25
32 0 10 100 HS25
33 2 10 100 HS25
34 5 10 100 HS25
35 10 10 100 HS25
36 -10 10 100 HS25
37 -5 10 100 HS25
38 -2 10 100 HS25
39 0 10 100 HS25
40 2 10 100 HS25
41 5 10 100 HS25
42 10 10 100 HS25
43 -10 50 100 HS25
44 -5 50 100 HS25
45 -2 50 100 HS25
46 0 50 100 HS25
47 2 50 100 HS25
48 5 50 100 HS25
49 10 50 100 HS25
50 -10 50 100 HS25
51 -5 50 100 HS25
52 -2 50 100 HS25
53 0 50 100 HS25
54 2 50 100 HS25
55 5 50 100 HS25
56 10 50 100 HS25
57 -10 50 100 HS25
58 -5 50 100 HS25
59 -2 50 100 HS25
60 0 50 100 HS25
61 2 50 100 HS25
62 5 50 100 HS25
63 10 50 100 HS25
64 -10 100 100 HS25
65 -5 100 100 HS25
66 -2 100 100 HS25
67 0 100 100 HS25
68 2 100 100 HS25
69 5 100 100 HS25
70 10 100 100 HS25
71 -10 100 100 HS25
72 -5 100 100 HS25
73 -2 100 100 HS25
74 0 100 100 HS25
75 2 100 100 HS25
76 5 100 100 HS25
77 10 100 100 HS25
78 -10 100 100 HS25
79 -5 100 100 HS25
80 -2 100 100 HS25
81 0 100 100 HS25
82 2 100 100 HS25
83 5 100 100 HS25
84 10 100 100 HS25
85 -10 500 100 HS25
86 -5 500 100 HS25
87 -2 500 100 HS25
88 0 500 100 HS25
89 2 500 100 HS25
90 5 500 100 HS25
91 10 500 100 HS25
92 -10 500 100 HS25
93 -5 500 100 HS25
94 -2 500 100 HS25
95 0 500 100 HS25
96 2 500 100 HS25
97 5 500 100 HS25
98 10 500 100 HS25
99 -10 500 100 HS25
100 -5 500 100 HS25
101 -2 500 100 HS25
102 0 500 100 HS25
103 2 500 100 HS25
104 5 500 100 HS25
105 10 500 100 HS25
106 -10 1000 100 HS25
107 -5 1000 100 HS25
108 -2 1000 100 HS25
109 0 1000 100 HS25
110 2 1000 100 HS25
111 5 1000 100 HS25
112 10 1000 100 HS25
113 -10 1000 100 HS25
114 -5 1000 100 HS25
115 -2 1000 100 HS25
116 0 1000 100 HS25
117 2 1000 100 HS25
118 5 1000 100 HS25
119 10 1000 100 HS25
120 -10 1000 100 HS25
121 -5 1000 100 HS25
122 -2 1000 100 HS25
123 0 1000 100 HS25
124 2 1000 100 HS25
125 5 1000 100 HS25
126 10 1000 100 HS25
127 -10 5 150 HS25
128 -5 5 150 HS25
129 -2 5 150 HS25
130 0 5 150 HS25
131 2 5 150 HS25
132 5 5 150 HS25
133 10 5 150 HS25
134 -10 5 150 HS25
135 -5 5 150 HS25
136 -2 5 150 HS25
137 0 5 150 HS25
138 2 5 150 HS25
139 5 5 150 HS25
140 10 5 150 HS25
141 -10 5 150 HS25
142 -5 5 150 HS25
143 -2 5 150 HS25
144 0 5 150 HS25
145 2 5 150 HS25
146 5 5 150 HS25
147 10 5 150 HS25
148 -10 10 150 HS25
149 -5 10 150 HS25
150 -2 10 150 HS25
151 0 10 150 HS25
152 2 10 150 HS25
153 5 10 150 HS25
154 10 10 150 HS25
155 -10 10 150 HS25
156 -5 10 150 HS25
157 -2 10 150 HS25
158 0 10 150 HS25
159 2 10 150 HS25
160 5 10 150 HS25
161 10 10 150 HS25
162 -10 10 150 HS25
163 -5 10 150 HS25
164 -2 10 150 HS25
165 0 10 150 HS25
166 2 10 150 HS25
167 5 10 150 HS25
168 10 10 150 HS25
169 -10 50 150 HS25
170 -5 50 150 HS25
171 -2 50 150 HS25
172 0 50 150 HS25
173 2 50 150 HS25
174 5 50 150 HS25
175 10 50 150 HS25
176 -10 50 150 HS25
177 -5 50 150 HS25
178 -2 50 150 HS25
179 0 50 150 HS25
180 2 50 150 HS25
181 5 50 150 HS25
182 10 50 150 HS25
183 -10 50 150 HS25
184 -5 50 150 HS25
185 -2 50 150 HS25
186 0 50 150 HS25
187 2 50 150 HS25
188 5 50 150 HS25
189 10 50 150 HS25
190 -10 100 150 HS25
191 -5 100 150 HS25
192 -2 100 150 HS25
193 0 100 150 HS25
194 2 100 150 HS25
195 5 100 150 HS25
196 10 100 150 HS25
197 -10 100 150 HS25
198 -5 100 150 HS25
199 -2 100 150 HS25
200 0 100 150 HS25
201 2 100 150 HS25
202 5 100 150 HS25
203 10 100 150 HS25
204 -10 100 150 HS25
205 -5 100 150 HS25
206 -2 100 150 HS25
207 0 100 150 HS25
208 2 100 150 HS25
209 5 100 150 HS25
210 10 100 150 HS25
211 -10 500 150 HS25
212 -5 500 150 HS25
213 -2 500 150 HS25
214 0 500 150 HS25
215 2 500 150 HS25
216 5 500 150 HS25
217 10 500 150 HS25
218 -10 500 150 HS25
219 -5 500 150 HS25
220 -2 500 150 HS25
221 0 500 150 HS25
222 2 500 150 HS25
223 5 500 150 HS25
224 10 500 150 HS25
225 -10 500 150 HS25
226 -5 500 150 HS25
227 -2 500 150 HS25
228 0 500 150 HS25
229 2 500 150 HS25
230 5 500 150 HS25
231 10 500 150 HS25
232 -10 1000 150 HS25
233 -5 1000 150 HS25
234 -2 1000 150 HS25
235 0 1000 150 HS25
236 2 1000 150 HS25
237 5 1000 150 HS25
238 10 1000 150 HS25
239 -10 1000 150 HS25
240 -5 1000 150 HS25
241 -2 1000 150 HS25
242 0 1000 150 HS25
243 2 1000 150 HS25
244 5 1000 150 HS25
245 10 1000 150 HS25
246 -10 1000 150 HS25
247 -5 1000 150 HS25
248 -2 1000 150 HS25
249 0 1000 150 HS25
250 2 1000 150 HS25
251 5 1000 150 HS25
252 10 1000 150 HS25
253 -10 5 100 HSXt
254 -5 5 100 HSXt
255 -2 5 100 HSXt
256 0 5 100 HSXt
257 2 5 100 HSXt
258 5 5 100 HSXt
259 10 5 100 HSXt
260 -10 5 100 HSXt
261 -5 5 100 HSXt
262 -2 5 100 HSXt
263 0 5 100 HSXt
264 2 5 100 HSXt
265 5 5 100 HSXt
266 10 5 100 HSXt
267 -10 5 100 HSXt
268 -5 5 100 HSXt
269 -2 5 100 HSXt
270 0 5 100 HSXt
271 2 5 100 HSXt
272 5 5 100 HSXt
273 10 5 100 HSXt
274 -10 10 100 HSXt
275 -5 10 100 HSXt
276 -2 10 100 HSXt
277 0 10 100 HSXt
278 2 10 100 HSXt
279 5 10 100 HSXt
280 10 10 100 HSXt
281 -10 10 100 HSXt
282 -5 10 100 HSXt
283 -2 10 100 HSXt
284 0 10 100 HSXt
285 2 10 100 HSXt
286 5 10 100 HSXt
287 10 10 100 HSXt
288 -10 10 100 HSXt
289 -5 10 100 HSXt
290 -2 10 100 HSXt
291 0 10 100 HSXt
292 2 10 100 HSXt
293 5 10 100 HSXt
294 10 10 100 HSXt
295 -10 50 100 HSXt
296 -5 50 100 HSXt
297 -2 50 100 HSXt
298 0 50 100 HSXt
299 2 50 100 HSXt
300 5 50 100 HSXt
301 10 50 100 HSXt
302 -10 50 100 HSXt
303 -5 50 100 HSXt
304 -2 50 100 HSXt
305 0 50 100 HSXt
306 2 50 100 HSXt
307 5 50 100 HSXt
308 10 50 100 HSXt
309 -10 50 100 HSXt
310 -5 50 100 HSXt
311 -2 50 100 HSXt
312 0 50 100 HSXt
313 2 50 100 HSXt
314 5 50 100 HSXt
315 10 50 100 HSXt
316 -10 100 100 HSXt
317 -5 100 100 HSXt
318 -2 100 100 HSXt
319 0 100 100 HSXt
320 2 100 100 HSXt
321 5 100 100 HSXt
322 10 100 100 HSXt
323 -10 100 100 HSXt
324 -5 100 100 HSXt
325 -2 100 100 HSXt
326 0 100 100 HSXt
327 2 100 100 HSXt
328 5 100 100 HSXt
329 10 100 100 HSXt
330 -10 100 100 HSXt
331 -5 100 100 HSXt
332 -2 100 100 HSXt
333 0 100 100 HSXt
334 2 100 100 HSXt
335 5 100 100 HSXt
336 10 100 100 HSXt
337 -10 500 100 HSXt
338 -5 500 100 HSXt
339 -2 500 100 HSXt
340 0 500 100 HSXt
341 2 500 100 HSXt
342 5 500 100 HSXt
343 10 500 100 HSXt
344 -10 500 100 HSXt
345 -5 500 100 HSXt
346 -2 500 100 HSXt
347 0 500 100 HSXt
348 2 500 100 HSXt
349 5 500 100 HSXt
350 10 500 100 HSXt
351 -10 500 100 HSXt
352 -5 500 100 HSXt
353 -2 500 100 HSXt
354 0 500 100 HSXt
355 2 500 100 HSXt
356 5 500 100 HSXt
357 10 500 100 HSXt
358 -10 1000 100 HSXt
359 -5 1000 100 HSXt
360 -2 1000 100 HSXt
361 0 1000 100 HSXt
362 2 1000 100 HSXt
363 5 1000 100 HSXt
364 10 1000 100 HSXt
365 -10 1000 100 HSXt
366 -5 1000 100 HSXt
367 -2 1000 100 HSXt
368 0 1000 100 HSXt
369 2 1000 100 HSXt
370 5 1000 100 HSXt
371 10 1000 100 HSXt
372 -10 1000 100 HSXt
373 -5 1000 100 HSXt
374 -2 1000 100 HSXt
375 0 1000 100 HSXt
376 2 1000 100 HSXt
377 5 1000 100 HSXt
378 10 1000 100 HSXt
379 -10 5 150 HSXt
380 -5 5 150 HSXt
381 -2 5 150 HSXt
382 0 5 150 HSXt
383 2 5 150 HSXt
384 5 5 150 HSXt
385 10 5 150 HSXt
386 -10 5 150 HSXt
387 -5 5 150 HSXt
388 -2 5 150 HSXt
389 0 5 150 HSXt
390 2 5 150 HSXt
391 5 5 150 HSXt
392 10 5 150 HSXt
393 -10 5 150 HSXt
394 -5 5 150 HSXt
395 -2 5 150 HSXt
396 0 5 150 HSXt
397 2 5 150 HSXt
398 5 5 150 HSXt
399 10 5 150 HSXt
400 -10 10 150 HSXt
401 -5 10 150 HSXt
402 -2 10 150 HSXt
403 0 10 150 HSXt
404 2 10 150 HSXt
405 5 10 150 HSXt
406 10 10 150 HSXt
407 -10 10 150 HSXt
408 -5 10 150 HSXt
409 -2 10 150 HSXt
410 0 10 150 HSXt
411 2 10 150 HSXt
412 5 10 150 HSXt
413 10 10 150 HSXt
414 -10 10 150 HSXt
415 -5 10 150 HSXt
416 -2 10 150 HSXt
417 0 10 150 HSXt
418 2 10 150 HSXt
419 5 10 150 HSXt
420 10 10 150 HSXt
421 -10 50 150 HSXt
422 -5 50 150 HSXt
423 -2 50 150 HSXt
424 0 50 150 HSXt
425 2 50 150 HSXt
426 5 50 150 HSXt
427 10 50 150 HSXt
428 -10 50 150 HSXt
429 -5 50 150 HSXt
430 -2 50 150 HSXt
431 0 50 150 HSXt
432 2 50 150 HSXt
433 5 50 150 HSXt
434 10 50 150 HSXt
435 -10 50 150 HSXt
436 -5 50 150 HSXt
437 -2 50 150 HSXt
438 0 50 150 HSXt
439 2 50 150 HSXt
440 5 50 150 HSXt
441 10 50 150 HSXt
442 -10 100 150 HSXt
443 -5 100 150 HSXt
444 -2 100 150 HSXt
445 0 100 150 HSXt
446 2 100 150 HSXt
447 5 100 150 HSXt
448 10 100 150 HSXt
449 -10 100 150 HSXt
450 -5 100 150 HSXt
451 -2 100 150 HSXt
452 0 100 150 HSXt
453 2 100 150 HSXt
454 5 100 150 HSXt
455 10 100 150 HSXt
456 -10 100 150 HSXt
457 -5 100 150 HSXt
458 -2 100 150 HSXt
459 0 100 150 HSXt
460 2 100 150 HSXt
461 5 100 150 HSXt
462 10 100 150 HSXt
463 -10 500 150 HSXt
464 -5 500 150 HSXt
465 -2 500 150 HSXt
466 0 500 150 HSXt
467 2 500 150 HSXt
468 5 500 150 HSXt
469 10 500 150 HSXt
470 -10 500 150 HSXt
471 -5 500 150 HSXt
472 -2 500 150 HSXt
473 0 500 150 HSXt
474 2 500 150 HSXt
475 5 500 150 HSXt
476 10 500 150 HSXt
477 -10 500 150 HSXt
478 -5 500 150 HSXt
479 -2 500 150 HSXt
480 0 500 150 HSXt
481 2 500 150 HSXt
482 5 500 150 HSXt
483 10 500 150 HSXt
484 -10 1000 150 HSXt
485 -5 1000 150 HSXt
486 -2 1000 150 HSXt
487 0 1000 150 HSXt
488 2 1000 150 HSXt
489 5 1000 150 HSXt
490 10 1000 150 HSXt
491 -10 1000 150 HSXt
492 -5 1000 150 HSXt
493 -2 1000 150 HSXt
494 0 1000 150 HSXt
495 2 1000 150 HSXt
496 5 1000 150 HSXt
497 10 1000 150 HSXt
498 -10 1000 150 HSXt
499 -5 1000 150 HSXt
500 -2 1000 150 HSXt
501 0 1000 150 HSXt
502 2 1000 150 HSXt
503 5 1000 150 HSXt
504 10 1000 150 HSXt
505 -10 5 100 MSv3
506 -5 5 100 MSv3
507 -2 5 100 MSv3
508 0 5 100 MSv3
509 2 5 100 MSv3
510 5 5 100 MSv3
511 10 5 100 MSv3
512 -10 5 100 MSv3
513 -5 5 100 MSv3
514 -2 5 100 MSv3
515 0 5 100 MSv3
516 2 5 100 MSv3
517 5 5 100 MSv3
518 10 5 100 MSv3
519 -10 5 100 MSv3
520 -5 5 100 MSv3
521 -2 5 100 MSv3
522 0 5 100 MSv3
523 2 5 100 MSv3
524 5 5 100 MSv3
525 10 5 100 MSv3
526 -10 10 100 MSv3
527 -5 10 100 MSv3
528 -2 10 100 MSv3
529 0 10 100 MSv3
530 2 10 100 MSv3
531 5 10 100 MSv3
532 10 10 100 MSv3
533 -10 10 100 MSv3
534 -5 10 100 MSv3
535 -2 10 100 MSv3
536 0 10 100 MSv3
537 2 10 100 MSv3
538 5 10 100 MSv3
539 10 10 100 MSv3
540 -10 10 100 MSv3
541 -5 10 100 MSv3
542 -2 10 100 MSv3
543 0 10 100 MSv3
544 2 10 100 MSv3
545 5 10 100 MSv3
546 10 10 100 MSv3
547 -10 50 100 MSv3
548 -5 50 100 MSv3
549 -2 50 100 MSv3
550 0 50 100 MSv3
551 2 50 100 MSv3
552 5 50 100 MSv3
553 10 50 100 MSv3
554 -10 50 100 MSv3
555 -5 50 100 MSv3
556 -2 50 100 MSv3
557 0 50 100 MSv3
558 2 50 100 MSv3
559 5 50 100 MSv3
560 10 50 100 MSv3
561 -10 50 100 MSv3
562 -5 50 100 MSv3
563 -2 50 100 MSv3
564 0 50 100 MSv3
565 2 50 100 MSv3
566 5 50 100 MSv3
567 10 50 100 MSv3
568 -10 100 100 MSv3
569 -5 100 100 MSv3
570 -2 100 100 MSv3
571 0 100 100 MSv3
572 2 100 100 MSv3
573 5 100 100 MSv3
574 10 100 100 MSv3
575 -10 100 100 MSv3
576 -5 100 100 MSv3
577 -2 100 100 MSv3
578 0 100 100 MSv3
579 2 100 100 MSv3
580 5 100 100 MSv3
581 10 100 100 MSv3
582 -10 100 100 MSv3
583 -5 100 100 MSv3
584 -2 100 100 MSv3
585 0 100 100 MSv3
586 2 100 100 MSv3
587 5 100 100 MSv3
588 10 100 100 MSv3
589 -10 500 100 MSv3
590 -5 500 100 MSv3
591 -2 500 100 MSv3
592 0 500 100 MSv3
593 2 500 100 MSv3
594 5 500 100 MSv3
595 10 500 100 MSv3
596 -10 500 100 MSv3
597 -5 500 100 MSv3
598 -2 500 100 MSv3
599 0 500 100 MSv3
600 2 500 100 MSv3
601 5 500 100 MSv3
602 10 500 100 MSv3
603 -10 500 100 MSv3
604 -5 500 100 MSv3
605 -2 500 100 MSv3
606 0 500 100 MSv3
607 2 500 100 MSv3
608 5 500 100 MSv3
609 10 500 100 MSv3
610 -10 1000 100 MSv3
611 -5 1000 100 MSv3
612 -2 1000 100 MSv3
613 0 1000 100 MSv3
614 2 1000 100 MSv3
615 5 1000 100 MSv3
616 10 1000 100 MSv3
617 -10 1000 100 MSv3
618 -5 1000 100 MSv3
619 -2 1000 100 MSv3
620 0 1000 100 MSv3
621 2 1000 100 MSv3
622 5 1000 100 MSv3
623 10 1000 100 MSv3
624 -10 1000 100 MSv3
625 -5 1000 100 MSv3
626 -2 1000 100 MSv3
627 0 1000 100 MSv3
628 2 1000 100 MSv3
629 5 1000 100 MSv3
630 10 1000 100 MSv3
631 -10 5 150 MSv3
632 -5 5 150 MSv3
633 -2 5 150 MSv3
634 0 5 150 MSv3
635 2 5 150 MSv3
636 5 5 150 MSv3
637 10 5 150 MSv3
638 -10 5 150 MSv3
639 -5 5 150 MSv3
640 -2 5 150 MSv3
641 0 5 150 MSv3
642 2 5 150 MSv3
643 5 5 150 MSv3
644 10 5 150 MSv3
645 -10 5 150 MSv3
646 -5 5 150 MSv3
647 -2 5 150 MSv3
648 0 5 150 MSv3
649 2 5 150 MSv3
650 5 5 150 MSv3
651 10 5 150 MSv3
652 -10 10 150 MSv3
653 -5 10 150 MSv3
654 -2 10 150 MSv3
655 0 10 150 MSv3
656 2 10 150 MSv3
657 5 10 150 MSv3
658 10 10 150 MSv3
659 -10 10 150 MSv3
660 -5 10 150 MSv3
661 -2 10 150 MSv3
662 0 10 150 MSv3
663 2 10 150 MSv3
664 5 10 150 MSv3
665 10 10 150 MSv3
666 -10 10 150 MSv3
667 -5 10 150 MSv3
668 -2 10 150 MSv3
669 0 10 150 MSv3
670 2 10 150 MSv3
671 5 10 150 MSv3
672 10 10 150 MSv3
673 -10 50 150 MSv3
674 -5 50 150 MSv3
675 -2 50 150 MSv3
676 0 50 150 MSv3
677 2 50 150 MSv3
678 5 50 150 MSv3
679 10 50 150 MSv3
680 -10 50 150 MSv3
681 -5 50 150 MSv3
682 -2 50 150 MSv3
683 0 50 150 MSv3
684 2 50 150 MSv3
685 5 50 150 MSv3
686 10 50 150 MSv3
687 -10 50 150 MSv3
688 -5 50 150 MSv3
689 -2 50 150 MSv3
690 0 50 150 MSv3
691 2 50 150 MSv3
692 5 50 150 MSv3
693 10 50 150 MSv3
694 -10 100 150 MSv3
695 -5 100 150 MSv3
696 -2 100 150 MSv3
697 0 100 150 MSv3
698 2 100 150 MSv3
699 5 100 150 MSv3
700 10 100 150 MSv3
701 -10 100 150 MSv3
702 -5 100 150 MSv3
703 -2 100 150 MSv3
704 0 100 150 MSv3
705 2 100 150 MSv3
706 5 100 150 MSv3
707 10 100 150 MSv3
708 -10 100 150 MSv3
709 -5 100 150 MSv3
710 -2 100 150 MSv3
711 0 100 150 MSv3
712 2 100 150 MSv3
713 5 100 150 MSv3
714 10 100 150 MSv3
715 -10 500 150 MSv3
716 -5 500 150 MSv3
717 -2 500 150 MSv3
718 0 500 150 MSv3
719 2 500 150 MSv3
720 5 500 150 MSv3
721 10 500 150 MSv3
722 -10 500 150 MSv3
723 -5 500 150 MSv3
724 -2 500 150 MSv3
725 0 500 150 MSv3
726 2 500 150 MSv3
727 5 500 150 MSv3
728 10 500 150 MSv3
729 -10 500 150 MSv3
730 -5 500 150 MSv3
731 -2 500 150 MSv3
732 0 500 150 MSv3
733 2 500 150 MSv3
734 5 500 150 MSv3
735 10 500 150 MSv3
736 -10 1000 150 MSv3
737 -5 1000 150 MSv3
738 -2 1000 150 MSv3
739 0 1000 150 MSv3
740 2 1000 150 MSv3
741 5 1000 150 MSv3
742 10 1000 150 MSv3
743 -10 1000 150 MSv3
744 -5 1000 150 MSv3
745 -2 1000 150 MSv3
746 0 1000 150 MSv3
747 2 1000 150 MSv3
748 5 1000 150 MSv3
749 10 1000 150 MSv3
750 -10 1000 150 MSv3
751 -5 1000 150 MSv3
752 -2 1000 150 MSv3
753 0 1000 150 MSv3
754 2 1000 150 MSv3
755 5 1000 150 MSv3
756 10 1000 150 MSv3
757 -10 5 200 MSv3
758 -5 5 200 MSv3
759 -2 5 200 MSv3
760 0 5 200 MSv3
761 2 5 200 MSv3
762 5 5 200 MSv3
763 10 5 200 MSv3
764 -10 5 200 MSv3
765 -5 5 200 MSv3
766 -2 5 200 MSv3
767 0 5 200 MSv3
768 2 5 200 MSv3
769 5 5 200 MSv3
770 10 5 200 MSv3
771 -10 5 200 MSv3
772 -5 5 200 MSv3
773 -2 5 200 MSv3
774 0 5 200 MSv3
775 2 5 200 MSv3
776 5 5 200 MSv3
777 10 5 200 MSv3
778 -10 10 200 MSv3
779 -5 10 200 MSv3
780 -2 10 200 MSv3
781 0 10 200 MSv3
782 2 10 200 MSv3
783 5 10 200 MSv3
784 10 10 200 MSv3
785 -10 10 200 MSv3
786 -5 10 200 MSv3
787 -2 10 200 MSv3
788 0 10 200 MSv3
789 2 10 200 MSv3
790 5 10 200 MSv3
791 10 10 200 MSv3
792 -10 10 200 MSv3
793 -5 10 200 MSv3
794 -2 10 200 MSv3
795 0 10 200 MSv3
796 2 10 200 MSv3
797 5 10 200 MSv3
798 10 10 200 MSv3
799 -10 50 200 MSv3
800 -5 50 200 MSv3
801 -2 50 200 MSv3
802 0 50 200 MSv3
803 2 50 200 MSv3
804 5 50 200 MSv3
805 10 50 200 MSv3
806 -10 50 200 MSv3
807 -5 50 200 MSv3
808 -2 50 200 MSv3
809 0 50 200 MSv3
810 2 50 200 MSv3
811 5 50 200 MSv3
812 10 50 200 MSv3
813 -10 50 200 MSv3
814 -5 50 200 MSv3
815 -2 50 200 MSv3
816 0 50 200 MSv3
817 2 50 200 MSv3
818 5 50 200 MSv3
819 10 50 200 MSv3
820 -10 100 200 MSv3
821 -5 100 200 MSv3
822 -2 100 200 MSv3
823 0 100 200 MSv3
824 2 100 200 MSv3
825 5 100 200 MSv3
826 10 100 200 MSv3
827 -10 100 200 MSv3
828 -5 100 200 MSv3
829 -2 100 200 MSv3
830 0 100 200 MSv3
831 2 100 200 MSv3
832 5 100 200 MSv3
833 10 100 200 MSv3
834 -10 100 200 MSv3
835 -5 100 200 MSv3
836 -2 100 200 MSv3
837 0 100 200 MSv3
838 2 100 200 MSv3
839 5 100 200 MSv3
840 10 100 200 MSv3
841 -10 500 200 MSv3
842 -5 500 200 MSv3
843 -2 500 200 MSv3
844 0 500 200 MSv3
845 2 500 200 MSv3
846 5 500 200 MSv3
847 10 500 200 MSv3
848 -10 500 200 MSv3
849 -5 500 200 MSv3
850 -2 500 200 MSv3
851 0 500 200 MSv3
852 2 500 200 MSv3
853 5 500 200 MSv3
854 10 500 200 MSv3
855 -10 500 200 MSv3
856 -5 500 200 MSv3
857 -2 500 200 MSv3
858 0 500 200 MSv3
859 2 500 200 MSv3
860 5 500 200 MSv3
861 10 500 200 MSv3
862 -10 1000 200 MSv3
863 -5 1000 200 MSv3
864 -2 1000 200 MSv3
865 0 1000 200 MSv3
866 2 1000 200 MSv3
867 5 1000 200 MSv3
868 10 1000 200 MSv3
869 -10 1000 200 MSv3
870 -5 1000 200 MSv3
871 -2 1000 200 MSv3
872 0 1000 200 MSv3
873 2 1000 200 MSv3
874 5 1000 200 MSv3
875 10 1000 200 MSv3
876 -10 1000 200 MSv3
877 -5 1000 200 MSv3
878 -2 1000 200 MSv3
879 0 1000 200 MSv3
880 2 1000 200 MSv3
881 5 1000 200 MSv3
882 10 1000 200 MSv3
883 -10 5 250 MSv3
884 -5 5 250 MSv3
885 -2 5 250 MSv3
886 0 5 250 MSv3
887 2 5 250 MSv3
888 5 5 250 MSv3
889 10 5 250 MSv3
890 -10 5 250 MSv3
891 -5 5 250 MSv3
892 -2 5 250 MSv3
893 0 5 250 MSv3
894 2 5 250 MSv3
895 5 5 250 MSv3
896 10 5 250 MSv3
897 -10 5 250 MSv3
898 -5 5 250 MSv3
899 -2 5 250 MSv3
900 0 5 250 MSv3
901 2 5 250 MSv3
902 5 5 250 MSv3
903 10 5 250 MSv3
904 -10 10 250 MSv3
905 -5 10 250 MSv3
906 -2 10 250 MSv3
907 0 10 250 MSv3
908 2 10 250 MSv3
909 5 10 250 MSv3
910 10 10 250 MSv3
911 -10 10 250 MSv3
912 -5 10 250 MSv3
913 -2 10 250 MSv3
914 0 10 250 MSv3
915 2 10 250 MSv3
916 5 10 250 MSv3
917 10 10 250 MSv3
918 -10 10 250 MSv3
919 -5 10 250 MSv3
920 -2 10 250 MSv3
921 0 10 250 MSv3
922 2 10 250 MSv3
923 5 10 250 MSv3
924 10 10 250 MSv3
925 -10 50 250 MSv3
926 -5 50 250 MSv3
927 -2 50 250 MSv3
928 0 50 250 MSv3
929 2 50 250 MSv3
930 5 50 250 MSv3
931 10 50 250 MSv3
932 -10 50 250 MSv3
933 -5 50 250 MSv3
934 -2 50 250 MSv3
935 0 50 250 MSv3
936 2 50 250 MSv3
937 5 50 250 MSv3
938 10 50 250 MSv3
939 -10 50 250 MSv3
940 -5 50 250 MSv3
941 -2 50 250 MSv3
942 0 50 250 MSv3
943 2 50 250 MSv3
944 5 50 250 MSv3
945 10 50 250 MSv3
946 -10 100 250 MSv3
947 -5 100 250 MSv3
948 -2 100 250 MSv3
949 0 100 250 MSv3
950 2 100 250 MSv3
951 5 100 250 MSv3
952 10 100 250 MSv3
953 -10 100 250 MSv3
954 -5 100 250 MSv3
955 -2 100 250 MSv3
956 0 100 250 MSv3
957 2 100 250 MSv3
958 5 100 250 MSv3
959 10 100 250 MSv3
960 -10 100 250 MSv3
961 -5 100 250 MSv3
962 -2 100 250 MSv3
963 0 100 250 MSv3
964 2 100 250 MSv3
965 5 100 250 MSv3
966 10 100 250 MSv3
967 -10 500 250 MSv3
968 -5 500 250 MSv3
969 -2 500 250 MSv3
970 0 500 250 MSv3
971 2 500 250 MSv3
972 5 500 250 MSv3
973 10 500 250 MSv3
974 -10 500 250 MSv3
975 -5 500 250 MSv3
976 -2 500 250 MSv3
977 0 500 250 MSv3
978 2 500 250 MSv3
979 5 500 250 MSv3
980 10 500 250 MSv3
981 -10 500 250 MSv3
982 -5 500 250 MSv3
983 -2 500 250 MSv3
984 0 500 250 MSv3
985 2 500 250 MSv3
986 5 500 250 MSv3
987 10 500 250 MSv3
988 -10 1000 250 MSv3
989 -5 1000 250 MSv3
990 -2 1000 250 MSv3
991 0 1000 250 MSv3
992 2 1000 250 MSv3
993 5 1000 250 MSv3
994 10 1000 250 MSv3
995 -10 1000 250 MSv3
996 -5 1000 250 MSv3
997 -2 1000 250 MSv3
998 0 1000 250 MSv3
999 2 1000 250 MSv3
1000 5 1000 250 MSv3
1001 10 1000 250 MSv3
1002 -10 1000 250 MSv3
1003 -5 1000 250 MSv3
1004 -2 1000 250 MSv3
1005 0 1000 250 MSv3
1006 2 1000 250 MSv3
1007 5 1000 250 MSv3
1008 10 1000 250 MSv3
